# UGC3478 exp674 F435W PSF stars
3 [351. 564.]
5 [2367. 1175.]
9 [2740. 1365.]
29 [1497. 2975.]
33 [1688. 3121.]
34 [2191. 3179.]
39 [3066. 3661.]

# UGC3478 exp674 F814W PSF stars
8 [1041.  211.]
11 [3950.  374.]
19 [2783.  594.]
203 [1354. 1386.] - 
210 [2340. 1670.]
239 [1632. 2504.]
245 [ 349. 2715.]

54 [3342. 1162.]
81 [3262. 1376.]
106 [3107. 1512.]
168 [1726. 1843.]
248 [1283. 2185.]



# LEDA75258 exp674 F435W PSF stars
9 [1361.  552.]
36 [1136. 2380.]
49 [2189. 3172.]
56 [ 560. 3599.]
58 [ 989. 3673.]
69 [ 249. 3994.]

# ESO-323-77 exp 1050 F225W PSF stars
4 [1450.  643.] (brightest, maybe too bright/saturated)
5 [2058. 1149.] (Target)
6 [3135. 1259.]
21 [2866. 2460.]
22 [1160. 3486.]
